$ 1 0.000005 10.20027730826997 50 5 50 5e-11
181 768 160 1008 160 0 300.2575373007277 100 120 0.4 0.4
t 640 176 768 176 1 -1 -0.6730928244732404 23.034497078580728 100 default
x 390 237 474 240 4 24 Microbit
s 496 224 496 176 0 0 false
r 576 176 640 176 0 1000
v 496 320 496 224 0 0 40 3 0 0 0.5
x 440 276 469 279 4 24 3V
w 496 176 576 176 0
w 640 176 640 224 0
w 640 320 496 320 0
w 768 208 768 320 0
w 640 320 768 320 0
v 1008 320 1008 160 0 0 40 24 0 0 0.5
w 768 320 1008 320 0
w 768 208 768 192 0
x 1043 264 1085 267 4 24 24V
x 476 164 524 167 4 24 Pin0
x 802 106 1000 109 4 24 Guirlande\sou\sautre
